           time            alfa          F/mass         Rx/mass         Ry/mass               g
        1.00000         0.00000   4156656.28630        82.69684         0.00006         9.80631
        2.00000         0.00000   4157256.15893       336.24583         0.00011         9.80630
        3.00000         0.00000   4158265.14085       768.72663         0.00015         9.80627
        4.00000         0.00000   4159690.42153      1388.17744         0.00018         9.80623
        5.00000         0.00000   4161538.86791      2202.71336         0.00019         9.80618
        6.00000         0.00000   4163816.99649      3220.62693         0.00019         9.80611
        7.00000         0.00000   4166530.94455      4450.46308         0.00017         9.80603
        8.00000         0.00303   4169686.07359      5898.20793         2.88028         9.80594
        9.00000         0.00265   4173287.58327      7578.33827         3.23803         9.80584
       10.00000         0.00234   4177340.75492      9497.74169         3.59099         9.80572
       11.00000         0.00209   4181849.90479     11665.94640         3.93783         9.80559
       12.00000         0.00187   4186818.81355     14092.47434         4.27721         9.80545
       13.00000         0.00169   4192250.69316     16786.63260         4.60782         9.80529
       14.00000         0.00154   4198148.15327     19757.25491         4.92835         9.80512
       15.00000         0.00140   4204513.16755     23012.40317         5.23753         9.80493
       16.00000         0.00128   4211347.04014     26559.04474         5.53413         9.80473
       17.00000         0.00118   4218650.37229     30402.73007         5.81700         9.80451
       18.00000         0.00108   4226423.02967     34547.27392         6.08500         9.80428
       19.00000         0.00100   4234664.11040     38994.53395         6.33712         9.80403
       20.00000         0.00092   4243371.91417     43744.26328         6.57239         9.80376
       21.00000         0.00085   4252543.91240     48794.11449         6.78996         9.80348
       22.00000        -0.71382   4262176.71497     54324.53116     -6287.23898         9.80318
       23.00000        -1.93605   4272265.75758     60740.79265    -18676.96396         9.80287
       24.00000        -2.91545   4282804.55851     67834.36329    -30738.44321         9.80253
       25.00000        -3.68626   4293784.60056     75436.04554    -42385.50980         9.80218
       26.00000        -4.27737   4305195.45431     83403.22714    -53525.77163         9.80181
       27.00000        -4.71339   4317024.91115     91621.45098    -64064.50963         9.80142
       28.00000        -5.01542   4329259.12114    100005.41691    -73907.19285         9.80102
       29.00000        -5.20174   4341882.73276    108499.12764    -82961.04066         9.80059
       30.00000        -5.28825   4354879.03247    117074.81916    -91135.93158         9.80015
       31.00000        -5.28891   4368230.08235    125730.10406    -98344.87563         9.79968
       32.00000        -5.21601   4381916.85478    134482.39192   -104504.21371         9.79920
       33.00000        -5.08042   4395919.36442    143359.11025   -109533.67326         9.79870
       34.00000        -4.89177   4410216.79902    152381.49290   -113356.38776         9.79818
       35.00000        -4.65862   4424787.65251    161538.67666   -115898.97359         9.79764
       36.00000        -4.38856   4439609.86642    170747.46490   -117091.74615         9.79708
       37.00000        -4.08833   4454660.98906    180008.08784   -116869.11149         9.79650
       38.00000        -3.76391   4469918.18541    191470.18379   -115161.67774         9.79591
       39.00000        -3.42053   4485358.04072    202613.63987   -111905.82002         9.79529
       40.00000        -3.06283   4500957.13336    213636.74993   -107046.52689         9.79465
       41.00000        -2.69489   4516692.17838    224922.81690   -100530.20931         9.79399
       42.00000        -2.32024   4532540.00176    237071.85698    -92303.93625         9.79332
       43.00000        -1.94199   4548477.45997    250916.20553    -82315.23610         9.79262
       44.00000        -1.56277   4564481.31176    267506.00339    -70512.79960         9.79190
       45.00000        -1.18476   4580528.06031    287954.27805    -56963.54569         9.79116
       46.00000        -0.80985   4596593.78977    313701.89902    -41385.32242         9.79040
       47.00000        -0.43963   4612654.01857    345713.25546    -23815.54717         9.78962
       48.00000        -0.07534   4628683.66879    384421.45902     -4281.73744         9.78882
       49.00000         0.28233   4644657.04155    434700.57189     16407.02743         9.78800
       50.00000         0.63385   4660547.22698    492432.26126     37114.96269         9.78716
       51.00000         0.98040   4676326.94069    553594.83862     57315.39030         9.78630
       52.00000         1.32329   4691969.64106    613336.86062     76987.82757         9.78542
       53.00000         1.66348   4707450.61574    664528.35279     96696.59439         9.78452
       54.00000         2.00112   4722748.37865    697025.76142    117696.21346         9.78360
       55.00000         2.33551   4737846.32847    704126.90298    139558.04302         9.78265
       56.00000         2.66739   4752732.90187    697548.82324    160732.53236         9.78169
       57.00000         2.99712   4767399.00601    687244.82467    181937.65052         9.78071
       58.00000         3.32505   4781835.88953    679748.07166    203123.46608         9.77970
       59.00000         3.65094   4796033.98790    677418.95366    226571.32252         9.77867
       60.00000         3.97414   4809982.77715    681215.19449    250643.77709         9.77762
       61.00000         4.29515   4823670.69739    689369.33314    274832.74889         9.77654
       62.00000         3.67719   4837083.62128    684625.76811    238473.08244         9.77544
       63.00000         3.12276   4850200.45468    676000.41289    204557.63796         9.77431
       64.00000         2.62615   4863000.41397    660086.32414    173176.01679         9.77315
       65.00000         2.18219   4875435.08559    638014.58160    143340.12841         9.77197
       66.00000         1.78634   4887392.54737    615079.05200    116128.29838         9.77077
       67.00000         1.43359   4898863.81199    592735.97326     91997.39926         9.76954
       68.00000         1.11937   4909850.31033    570875.52063     70721.66667         9.76828
       69.00000         0.83960   4920355.14491    549416.59288     52082.80083         9.76700
       70.00000         0.59061   4930382.97297    528300.50882     35871.34170         9.76570
       71.00000         0.36914   4939939.88621    507486.12765     21887.66976         9.76437
       72.00000         0.17228   4949033.28889    486946.05486      9942.63530         9.76301
       73.00000        -0.00254   4957671.77563    466666.79016      -142.16036         9.76163
       74.00000        -0.15758   4965865.00773    446793.46690     -8595.61813         9.76022
       75.00000        -0.29479   4973623.58656    427126.68565    -15710.65184         9.75878
       76.00000        -0.41584   4980958.94043    407727.40364    -21637.90190         9.75732
       77.00000        -0.52218   4987883.21176    388653.18748    -26508.10253         9.75584
       78.00000        -0.61509   4994409.14823    369956.22608    -30434.69963         9.75432
       79.00000        -0.69570   5000549.99982    351682.04166    -33516.64493         9.75279
       80.00000        -0.76497   5006319.42134    333868.76082    -35840.83353         9.75122
       81.00000        -0.82376   5011731.38040    316546.83855    -37484.22384         9.74963
       82.00000        -0.87279   5016800.07055    299739.14874    -38515.67119         9.74801
       83.00000        -0.91270   5021539.82963    283461.36853    -38997.50033         9.74636
       84.00000        -0.94405   5025964.60212    267211.57375    -38959.69288         9.74469
       85.00000        -0.96733   5030081.78476    251152.24685    -38424.41946         9.74299
       86.00000        -0.98296   5033904.99446    235732.23521    -37513.74245         9.74126
       87.00000        -0.99126   5037450.38358    220954.89315    -36276.92525         9.73951
       88.00000        -0.99251   5040733.68444    206818.99050    -34760.34293         9.73772
       89.00000        -0.98694   5043770.17242    193319.53478    -33007.92911         9.73591
       90.00000        -0.97473   5046574.63482    180448.54533    -31061.47935         9.73407
       91.00000        -0.95602   5049161.34534    168195.76056    -28960.82897         9.73221
       92.00000        -0.93094   5051544.04361    156549.26407    -26743.92276         9.73031
       93.00000        -0.89954   5053735.91982    145496.01909    -24446.79308         9.72839
       94.00000        -0.86189   5055749.60389    135022.30531    -22103.46243         9.72643
       95.00000        -0.81801   5057597.15897    125114.05570    -19745.78583         9.72445
       96.00000        -0.76792   5059290.07885    115757.09537    -17403.24749         9.72243
       97.00000        -0.71160   5060839.28910    106937.28753    -15102.72580         9.72039
       98.00000        -0.64903   5062255.15133     98640.59507    -12868.23973         9.71832
       99.00000        -0.58018   5063547.47054     90853.06887    -10720.68915         9.71621
      100.00000        -0.50501   5064725.50493     83560.77588     -8677.60094         9.71408
      101.00000        -0.42347   5065797.97801     76749.68159     -6752.89231         9.71191
      102.00000        -0.33550   5066773.09266     70405.50232     -4956.66200         9.70971
      103.00000        -0.24104   5067657.93367     64426.03669     -3287.64633         9.70748
      104.00000        -0.14006   5068456.60328     58842.01621     -1758.56363         9.70522
      105.00000        -0.03248   5069176.47343     53727.04999      -375.39229         9.70292
      106.00000         0.08174   5069824.89543     49074.20588       879.01953         9.70059
      107.00000         0.20266   5070408.58532     44836.15596      2033.86589         9.69823
      108.00000         0.33030   5070933.67253     40972.36721      3091.73046         9.69583
      109.00000         0.46470   5071405.74554     37453.02092      4054.08833         9.69339
      110.00000         0.60589   5071829.89467     34249.22709      4922.56310         9.69092
      111.00000         0.75391   5072210.75204     31333.15991      5698.82232         9.68842
      112.00000         0.90877   5072552.52897     28678.19742      6384.49986         9.68587
      113.00000         1.07051   5072859.05085     26259.06002      6981.14842         9.68329
      114.00000         1.23913   5073133.78946     24051.94240      7490.22527         9.68067
      115.00000         1.41465   5073379.89312     22062.82463      7915.80356         9.67800
      116.00000         1.59709   5073600.21447     20252.31594      8275.45907         9.67530
      117.00000         1.78644   5073797.33630     18595.96896      8563.87933         9.67256
      118.00000         1.95929    989880.65704     16459.97685       955.99174         9.66977
      119.00000         2.04108    989913.73838     14729.10195       907.79724         9.66698
      120.00000         2.12306    989942.77581     13189.07685       861.05116         9.66420
      121.00000         2.20521    989968.35361     11832.37127       816.87651         9.66143
      122.00000         2.28752    989991.06475     10629.41679       774.62571         9.65868
      123.00000         2.36996    990011.25431      9554.62906       733.73286         9.65594
      124.00000         2.45251    990029.21111      8593.79976       694.27408         9.65321
      125.00000         2.53517    990045.19365      7738.12847       656.53600         9.65049
      126.00000         2.61790    990059.51095      6984.18304       620.96095         9.64779
      127.00000         2.70070    990072.36729      6308.97315       586.72450         9.64510
      128.00000         2.78355    990083.90579      5703.92889       553.85653         9.64242
      129.00000         2.86643    990094.25611      5161.43929       522.37236         9.63975
      130.00000         2.94932    990103.53565      4674.74263       492.27488         9.63710
      131.00000         3.03221    990111.85071      4237.82961       463.55650         9.63445
      132.00000         3.11509    990119.29746      3845.35775       436.20081         9.63182
      133.00000         3.19794    990125.96290      3492.57576       410.18412         9.62921
      134.00000         3.28075    990131.92564      3175.25664       385.47680         9.62660
      135.00000         3.36350    990137.25674      2889.63852       362.04441         9.62401
      136.00000         3.44617    990142.02036      2632.37226       339.84877         9.62143
      137.00000         3.52877    990146.27442      2400.47510       318.84880         9.61886
      138.00000         3.61126    990150.07118      2183.24847       296.60855         9.61630
      139.00000         3.69365    990153.45777      1988.12445       277.38760         9.61375
      140.00000         3.77591    990156.47666      1811.52806       259.34138         9.61122
      141.00000         3.85804    990159.16612      1638.08733       240.42373         9.60870
      142.00000         3.94003    990161.56059      1471.60223       221.25038         9.60619
      143.00000         4.02186    990163.69108      1322.91779       203.57684         9.60369
      144.00000         4.10352    990165.58547      1190.04620       187.29155         9.60121
      145.00000         4.18500    990167.26883      1071.23030       172.29031         9.59873
      146.00000         4.26629    990168.76368       964.91586       158.47594         9.59627
      147.00000         4.34739    990170.09024       869.72735       145.75793         9.59382
      148.00000         4.42827    990171.26665       784.44665       134.05209         9.59138
      149.00000         4.50894    990172.30796       707.37821       123.32412         9.58896
      150.00000         4.58937    990173.22763       638.22994       113.45711         9.58654
      151.00000         4.66957    990174.03956       576.20700       104.37929         9.58414
      152.00000         4.74952    990174.75612       520.54108        96.02870         9.58175
      153.00000         4.82921    990175.38828       470.55009        88.34800         9.57937
      154.00000         4.90865    990175.94578       425.62812        81.28418         9.57700
      155.00000         4.98781    990176.43725       385.23667        74.78826         9.57464
      156.00000         5.06669    990176.87035       348.89679        68.81499         9.57230
      157.00000         5.14528    990177.25188       316.18232        63.32262         9.56996
      158.00000         5.22315    990177.58786       286.77044        58.27268         9.56764
      159.00000         5.30030    990177.88364       260.29868        53.62837         9.56533
      160.00000         5.37709    990178.14395       236.41144        49.35687         9.56303
      161.00000         5.45353    990178.37294       214.84389        45.42837         9.56074
      162.00000         5.52959    990178.57429       195.35955        41.81542         9.55846
      163.00000         5.60528    990178.75128       177.74707        38.49271         9.55619
      164.00000         5.68060    990178.90678       161.81749        35.43690         9.55393
      165.00000         5.75553    990179.04334       147.40178        32.62654         9.55169
      166.00000         5.83008    990179.16322       134.33950        30.04292         9.54945
      167.00000         5.90423    990179.26800       122.18196        27.70561         9.54723
      168.00000         5.97799    990179.35926       111.18599        25.55401         9.54501
      169.00000         6.05135    990179.43879       101.23519        23.57320         9.54281
      170.00000         6.12430    990179.50815        92.22534        21.74944         9.54061
      171.00000         6.19685    990179.56867        84.06305        20.07012         9.53843
      172.00000         6.26898    990179.62151        76.66461        18.52364         9.53626
      173.00000         6.34069    990179.66768        69.95496        17.09933         9.53410
      174.00000         6.41199    990179.70804        63.86672        15.78737         9.53195
      175.00000         6.48287    990179.74334        58.33941        14.57875         9.52980
      176.00000         6.55332    990179.77423        53.31870        13.46518         9.52767
      177.00000         6.62334    990179.80129        48.75576        12.43904         9.52555
      178.00000         6.69294    990179.82500        44.60668        11.49334         9.52344
      179.00000         6.76210    990179.84575        40.82762        10.62229         9.52134
      180.00000         6.83082    990179.86384        37.40301         9.81690         9.51925
      181.00000         6.89912    990179.87962        34.28333         9.07439         9.51717
      182.00000         6.96697    990179.89342        31.43997         8.38974         9.51510
      183.00000         7.03438    990179.90550        28.84712         7.75832         9.51304
      184.00000         7.10135    990179.91609        26.48150         7.17591         9.51099
      185.00000         7.16788    990179.92538        24.32212         6.63861         9.50894
      186.00000         7.23396    990179.93356        22.35000         6.14283         9.50691
      187.00000         7.29960    990179.94076        20.54800         5.68528         9.50489
      188.00000         7.36479    990179.94712        18.90062         5.26293         9.50288
      189.00000         7.42953    990179.95272        17.39384         4.87301         9.50088
      190.00000         7.49383    990179.95769        16.01499         4.51295         9.49888
      191.00000         7.55767    990179.95973        14.75259         4.18040         9.49690
      192.00000         7.62107    990179.95970        13.59623         3.87320         9.49493
      193.00000         7.68401    990179.95966        12.53649         3.58936         9.49296
      194.00000         7.74651    990179.95963        11.56484         3.32704         9.49101
      195.00000         7.80855    990179.95960        10.67351         3.08458         9.48906
      196.00000         7.87015    990179.95957         9.85549         2.86041         9.48712
      197.00000         7.93129    990179.95953         9.10438         2.65312         9.48519
      198.00000         7.99198    990179.95950         8.41438         2.46139         9.48328
      199.00000         8.05222    990179.95947         7.78023         2.28402         9.48137
      200.00000         8.11201    990179.95944         7.19713         2.11989         9.47946
      201.00000         8.17136    990179.95941         6.66072         1.96799         9.47757
      202.00000         8.23025    990179.95937         6.16704         1.82737         9.47569
      203.00000         8.28869    990179.95934         5.71247         1.69717         9.47381
      204.00000         8.34668    990179.95931         5.29373         1.57659         9.47195
      205.00000         8.40423    990179.95928         4.90781         1.46490         9.47009
      206.00000         8.46133    990179.95925         4.55199         1.36141         9.46824
      207.00000         8.51798    990179.95922         4.22376         1.26550         9.46640
      208.00000         8.57419    990179.95919         3.92086         1.17659         9.46457
      209.00000         8.62995    990179.95916         3.64120         1.09417         9.46275
      210.00000         8.68527    990179.95913         3.38289         1.01773         9.46093
      211.00000         8.74014    990179.95910         3.14420         0.94683         9.45912
      212.00000         8.79458    990179.95907         2.92353         0.88105         9.45732
      213.00000         8.84857    990179.95904         2.71945         0.82000         9.45553
      214.00000         8.90212    990179.95900         2.53061         0.76334         9.45375
      215.00000         8.95524    990179.99490         2.35582         0.71074         9.45197
      216.00000         9.00792    990179.99506         2.19395         0.66189         9.45020
      217.00000         9.06016    990179.99522         2.04399         0.61652         9.44844
      218.00000         9.11197    990179.99537         1.90501         0.57437         9.44669
      219.00000         9.16334    990179.99551         1.77614         0.53521         9.44494
      220.00000         9.21428    990179.99565         1.65660         0.49880         9.44321
      221.00000         9.26479    990179.99579         1.54568         0.46496         9.44147
      222.00000         9.31488    990179.99592         1.44270         0.43350         9.43975
      223.00000         9.36453    990179.99605         1.34707         0.40423         9.43803
      224.00000         9.41376    990179.99617         1.25822         0.37701         9.43632
      225.00000         9.46256    990179.99629         1.17563         0.35168         9.43462
      226.00000         9.51094    990179.99640         1.09885         0.32810         9.43293
      227.00000         9.55890    990179.99651         1.02742         0.30616         9.43124
      228.00000         9.60644    990179.99661         0.96096         0.28573         9.42955
      229.00000         9.65355    990179.99672         0.89908         0.26670         9.42788
      230.00000         9.70025    990179.99682         0.84147         0.24898         9.42621
      231.00000         9.74654    990179.99691         0.78779         0.23247         9.42454
      232.00000         9.79241    990179.99700         0.73777         0.21709         9.42289
      233.00000         9.83786    990179.99709         0.69114         0.20275         9.42123
      234.00000         9.88291    990179.99718         0.64764         0.18938         9.41959
      235.00000         9.92754    990179.99726         0.60707         0.17692         9.41795
      236.00000         9.97176    990179.99734         0.56919         0.16530         9.41632
      237.00000        10.01558    990179.99742         0.53384         0.15446         9.41469
      238.00000        10.05899    990179.99750         0.50081         0.14435         9.41306
      239.00000        10.10200    990179.99757         0.46996         0.13491         9.41145
      240.00000        10.14460    990179.99764         0.44113         0.12610         9.40983
      241.00000        10.18680    990179.99771         0.41417         0.11788         9.40823
      242.00000        10.22860    990179.99778         0.38895         0.11021         9.40663
      243.00000        10.27000    990179.99784         0.36536         0.10304         9.40503
      244.00000        10.31100    990179.99790         0.34329         0.09635         9.40344
      245.00000        10.35161    990179.99796         0.32262         0.09010         9.40185
      246.00000        10.39182    990179.99802         0.30327         0.08425         9.40026
      247.00000        10.43163    990179.99808         0.28514         0.07880         9.39868
      248.00000        10.47106    990179.99813         0.26815         0.07370         9.39711
      249.00000        10.51009    990179.99819         0.25222         0.06893         9.39554
      250.00000        10.54872    990179.99824         0.23729         0.06447         9.39397
      251.00000        10.58697    990179.99829         0.22328         0.06031         9.39241
      252.00000        10.62483    990179.99834         0.21014         0.05641         9.39085
      253.00000        10.66230    990179.99838         0.19781         0.05277         9.38929
      254.00000        10.69938    990179.99843         0.18623         0.04936         9.38774
      255.00000        10.73608    990179.99847         0.17536         0.04617         9.38619
      256.00000        10.77239    990179.99852         0.16515         0.04319         9.38464
      257.00000        10.80831    990179.99856         0.15556         0.04039         9.38310
      258.00000        10.84385    990179.99860         0.14654         0.03778         9.38156
      259.00000        10.87901    990179.99864         0.13806         0.03534         9.38002
      260.00000        10.91378    990179.99868         0.13009         0.03305         9.37848
      261.00000        10.94817    990179.99871         0.12260         0.03091         9.37695
      262.00000        10.98218    990179.99875         0.11555         0.02890         9.37541
      263.00000        11.01580    990179.99878         0.10891         0.02703         9.37388
      264.00000        11.04905    990179.99882         0.10266         0.02527         9.37235
      265.00000        11.08191    990179.99885         0.09678         0.02362         9.37082
      266.00000        11.11439    990179.99888         0.09125         0.02208         9.36930
      267.00000        11.14649    990179.99891         0.08603         0.02064         9.36777
      268.00000        11.17820    990179.99894         0.08112         0.01929         9.36625
      269.00000        11.20954    990179.99897         0.07649         0.01802         9.36472
      270.00000        11.24049    990179.99900         0.07212         0.01684         9.36320
      271.00000        11.27107    990179.99903         0.06801         0.01573         9.36168
      272.00000        11.30126    990179.99906         0.06413         0.01469         9.36015
      273.00000        11.33106    990179.99908         0.06047         0.01372         9.35863
      274.00000        11.36049    990179.99911         0.05703         0.01280         9.35710
      275.00000        11.38953    990179.99913         0.05377         0.01195         9.35558
      276.00000        11.41818    990179.99916         0.05070         0.01115         9.35405
      277.00000        11.44645    990179.99918         0.04781         0.01040         9.35253
      278.00000        11.47434    990179.99920         0.04507         0.00970         9.35100
      279.00000        11.50183    990179.99923         0.04249         0.00905         9.34947
      280.00000        11.52894    990179.99925         0.04006         0.00843         9.34794
      281.00000        11.55566    990179.99927         0.03776         0.00786         9.34641
      282.00000        11.58199    990179.99929         0.03559         0.00732         9.34487
      283.00000        11.60793    990179.99931         0.03354         0.00681         9.34333
      284.00000        11.63347    990179.99933         0.03160         0.00634         9.34179
      285.00000        11.65862    990179.99935         0.02977         0.00590         9.34025
      286.00000        11.68337    990179.99937         0.02793         0.00553         9.33870
      287.00000        11.70772    990179.99938         0.02617         0.00519         9.33715
      288.00000        11.71552    297930.00000         0.02436         0.00483         9.33560
      289.00000        11.71616    297930.00000         0.02262         0.00449         9.33406
      290.00000        11.71645    297930.00000         0.02101         0.00417         9.33253
      291.00000        11.71638    297930.00000         0.01954         0.00388         9.33101
      292.00000        11.71595    297930.00000         0.01817         0.00361         9.32950
      293.00000        11.71517    297930.00000         0.01691         0.00336         9.32801
      294.00000        11.71404    297930.00000         0.01575         0.00312         9.32653
      295.00000        11.71256    297930.00000         0.01467         0.00291         9.32505
      296.00000        11.71072    297930.00000         0.01368         0.00271         9.32359
      297.00000        11.70853    297930.00000         0.01276         0.00253         9.32214
      298.00000        11.70598    297930.00000         0.01190         0.00236         9.32070
      299.00000        11.70308    297930.00000         0.01111         0.00220         9.31928
      300.00000        11.69983    297930.00000         0.01038         0.00206         9.31786
      301.00000        11.69622    297930.00000         0.00970         0.00192         9.31645
      302.00000        11.69226    297930.00000         0.00908         0.00180         9.31506
      303.00000        11.68795    297930.00000         0.00849         0.00168         9.31367
      304.00000        11.68328    297930.00000         0.00795         0.00157         9.31230
      305.00000        11.67826    297930.00000         0.00745         0.00147         9.31094
      306.00000        11.67288    297930.00000         0.00698         0.00138         9.30959
      307.00000        11.66716    297930.00000         0.00654         0.00129         9.30825
      308.00000        11.66108    297930.00000         0.00614         0.00121         9.30692
      309.00000        11.65464    297930.00000         0.00576         0.00114         9.30560
      310.00000        11.64786    297930.00000         0.00541         0.00107         9.30429
      311.00000        11.64072    297930.00000         0.00508         0.00100         9.30299
      312.00000        11.63323    297930.00000         0.00478         0.00094         9.30171
      313.00000        11.62538    297930.00000         0.00449         0.00089         9.30043
      314.00000        11.61718    297930.00000         0.00423         0.00083         9.29917
      315.00000        11.60864    297930.00000         0.00398         0.00078         9.29791
      316.00000        11.59973    297930.00000         0.00375         0.00074         9.29666
      317.00000        11.59048    297930.00000         0.00354         0.00070         9.29543
      318.00000        11.58088    297930.00000         0.00333         0.00065         9.29421
      319.00000        11.57092    297930.00000         0.00315         0.00062         9.29299
      320.00000        11.56061    297930.00000         0.00297         0.00058         9.29179
      321.00000        11.54995    297930.00000         0.00280         0.00055         9.29060
      322.00000        11.53894    297930.00000         0.00265         0.00052         9.28941
      323.00000        11.52758    297930.00000         0.00250         0.00049         9.28824
      324.00000        11.51587    297930.00000         0.00237         0.00046         9.28708
      325.00000        11.50380    297930.00000         0.00224         0.00044         9.28592
      326.00000        11.49139    297930.00000         0.00212         0.00041         9.28478
      327.00000        11.47862    297930.00000         0.00201         0.00039         9.28365
      328.00000        11.46551    297930.00000         0.00190         0.00037         9.28253
      329.00000        11.45205    297930.00000         0.00181         0.00035         9.28142
      330.00000        11.43823    297930.00000         0.00171         0.00033         9.28031
      331.00000        11.42407    297930.00000         0.00163         0.00032         9.27922
      332.00000        11.40956    297930.00000         0.00154         0.00030         9.27814
      333.00000        11.39469    297930.00000         0.00147         0.00028         9.27706
      334.00000        11.37948    297930.00000         0.00139         0.00027         9.27600
      335.00000        11.36392    297930.00000         0.00133         0.00026         9.27495
      336.00000        11.34802    297930.00000         0.00126         0.00024         9.27390
      337.00000        11.33176    297930.00000         0.00120         0.00023         9.27287
      338.00000        11.31516    297930.00000         0.00114         0.00022         9.27185
      339.00000        11.29820    297930.00000         0.00109         0.00021         9.27083
      340.00000        11.28091    297930.00000         0.00104         0.00020         9.26983
      341.00000        11.26326    297930.00000         0.00099         0.00019         9.26883
      342.00000        11.24527    297930.00000         0.00094         0.00018         9.26784
      343.00000        11.22692    297930.00000         0.00090         0.00017         9.26687
      344.00000        11.20824    297930.00000         0.00086         0.00016         9.26590
      345.00000        11.18921    297930.00000         0.00082         0.00016         9.26494
      346.00000        11.16983    297930.00000         0.00079         0.00015         9.26399
      347.00000        11.15010    297930.00000         0.00075         0.00014         9.26305
      348.00000        11.13003    297930.00000         0.00072         0.00014         9.26212
      349.00000        11.10962    297930.00000         0.00069         0.00013         9.26120
      350.00000        11.08886    297930.00000         0.00066         0.00012         9.26029
      351.00000        11.06775    297930.00000         0.00063         0.00012         9.25938
      352.00000        11.04630    297930.00000         0.00060         0.00011         9.25849
      353.00000        11.02451    297930.00000         0.00058         0.00011         9.25760
      354.00000        11.00237    297930.00000         0.00056         0.00010         9.25673
      355.00000        10.97989    297930.00000         0.00053         0.00010         9.25586
      356.00000        10.95707    297930.00000         0.00051         0.00010         9.25500
      357.00000        10.93390    297930.00000         0.00049         0.00009         9.25415
      358.00000        10.91039    297930.00000         0.00047         0.00009         9.25331
      359.00000        10.88654    297930.00000         0.00045         0.00008         9.25248
      360.00000        10.86234    297930.00000         0.00044         0.00008         9.25166
      361.00000        10.83781    297930.00000         0.00042         0.00008         9.25084
      362.00000        10.81293    297930.00000         0.00040         0.00007         9.25004
      363.00000        10.78771    297930.00000         0.00039         0.00007         9.24924
      364.00000        10.76215    297930.00000         0.00038         0.00007         9.24845
      365.00000        10.73625    297930.00000         0.00036         0.00007         9.24767
      366.00000        10.71001    297930.00000         0.00035         0.00006         9.24690
      367.00000        10.68343    297930.00000         0.00034         0.00006         9.24614
      368.00000        10.65650    297930.00000         0.00032         0.00006         9.24538
      369.00000        10.62924    297930.00000         0.00031         0.00006         9.24464
      370.00000        10.60164    297930.00000         0.00030         0.00005         9.24390
      371.00000        10.57371    297930.00000         0.00029         0.00005         9.24317
      372.00000        10.54543    297930.00000         0.00028         0.00005         9.24245
      373.00000        10.51681    297930.00000         0.00027         0.00005         9.24173
      374.00000        10.48786    297930.00000         0.00026         0.00005         9.24103
      375.00000        10.45857    297930.00000         0.00026         0.00005         9.24033
      376.00000        10.42894    297930.00000         0.00025         0.00004         9.23964
      377.00000        10.39898    297930.00000         0.00024         0.00004         9.23896
      378.00000        10.36867    297930.00000         0.00023         0.00004         9.23829
      379.00000        10.33804    297930.00000         0.00023         0.00004         9.23762
      380.00000        10.30706    297930.00000         0.00022         0.00004         9.23696
      381.00000        10.27575    297930.00000         0.00021         0.00004         9.23631
      382.00000        10.24410    297930.00000         0.00021         0.00004         9.23567
      383.00000        10.21212    297930.00000         0.00020         0.00003         9.23504
      384.00000        10.17981    297930.00000         0.00019         0.00003         9.23441
      385.00000        10.14716    297930.00000         0.00019         0.00003         9.23379
      386.00000        10.11417    297930.00000         0.00018         0.00003         9.23318
      387.00000        10.08085    297930.00000         0.00018         0.00003         9.23258
      388.00000        10.04720    297930.00000         0.00017         0.00003         9.23198
      389.00000        10.01322    297930.00000         0.00017         0.00003         9.23139
      390.00000         9.97890    297930.00000         0.00016         0.00003         9.23081
      391.00000         9.94425    297930.00000         0.00016         0.00003         9.23024
      392.00000         9.90926    297930.00000         0.00016         0.00003         9.22967
      393.00000         9.87395    297930.00000         0.00015         0.00003         9.22911
      394.00000         9.83830    297930.00000         0.00015         0.00003         9.22856
      395.00000         9.80232    297930.00000         0.00014         0.00002         9.22801
      396.00000         9.76601    297930.00000         0.00014         0.00002         9.22747
      397.00000         9.71689    297930.00000         0.00014         0.00002         9.22694
      398.00000         9.66747    297930.00000         0.00013         0.00002         9.22642
      399.00000         9.61775    297930.00000         0.00013         0.00002         9.22590
      400.00000         9.56774    297930.00000         0.00013         0.00002         9.22539
      401.00000         9.51743    297930.00000         0.00012         0.00002         9.22489
      402.00000         9.46682    297930.00000         0.00012         0.00002         9.22439
      403.00000         9.41592    297930.00000         0.00012         0.00002         9.22390
      404.00000         9.36472    297930.00000         0.00012         0.00002         9.22342
      405.00000         9.31323    297930.00000         0.00011         0.00002         9.22294
      406.00000         9.26144    297930.00000         0.00011         0.00002         9.22247
      407.00000         9.20935    297930.00000         0.00011         0.00002         9.22201
      408.00000         9.15697    297930.00000         0.00011         0.00002         9.22156
      409.00000         9.10430    297930.00000         0.00010         0.00002         9.22111
      410.00000         9.05133    297930.00000         0.00010         0.00002         9.22066
      411.00000         8.99807    297930.00000         0.00010         0.00002         9.22023
      412.00000         8.94452    297930.00000         0.00010         0.00002         9.21980
      413.00000         8.89067    297930.00000         0.00010         0.00001         9.21937
      414.00000         8.83653    297930.00000         0.00009         0.00001         9.21896
      415.00000         8.78210    297930.00000         0.00009         0.00001         9.21854
      416.00000         8.72738    297930.00000         0.00009         0.00001         9.21814
      417.00000         8.67236    297930.00000         0.00009         0.00001         9.21774
      418.00000         8.61706    297930.00000         0.00009         0.00001         9.21735
      419.00000         8.56146    297930.00000         0.00009         0.00001         9.21696
      420.00000         8.50558    297930.00000         0.00009         0.00001         9.21658
      421.00000         8.44940    297930.00000         0.00008         0.00001         9.21621
      422.00000         8.39294    297930.00000         0.00008         0.00001         9.21584
      423.00000         8.33618    297930.00000         0.00008         0.00001         9.21548
      424.00000         8.27914    297930.00000         0.00008         0.00001         9.21512
      425.00000         8.22181    297930.00000         0.00008         0.00001         9.21477
      426.00000         8.16419    297930.00000         0.00008         0.00001         9.21443
      427.00000         8.10628    297930.00000         0.00008         0.00001         9.21409
      428.00000         8.04808    297930.00000         0.00008         0.00001         9.21375
      429.00000         7.98960    297930.00000         0.00007         0.00001         9.21343
      430.00000         7.93083    297930.00000         0.00007         0.00001         9.21310
      431.00000         7.87177    297930.00000         0.00007         0.00001         9.21279
      432.00000         7.81243    297930.00000         0.00007         0.00001         9.21248
      433.00000         7.75281    297930.00000         0.00007         0.00001         9.21217
      434.00000         7.69289    297930.00000         0.00007         0.00001         9.21187
      435.00000         7.63269    297930.00000         0.00007         0.00001         9.21158
      436.00000         7.57221    297930.00000         0.00007         0.00001         9.21129
      437.00000         7.51145    297930.00000         0.00007         0.00001         9.21100
      438.00000         7.45039    297930.00000         0.00007         0.00001         9.21072
      439.00000         7.38906    297930.00000         0.00007         0.00001         9.21045
      440.00000         7.32744    297930.00000         0.00006         0.00001         9.21018
      441.00000         7.26554    297930.00000         0.00006         0.00001         9.20992
      442.00000         7.20336    297930.00000         0.00006         0.00001         9.20966
      443.00000         7.14090    297930.00000         0.00006         0.00001         9.20941
      444.00000         7.07815    297930.00000         0.00006         0.00001         9.20916
      445.00000         7.01512    297930.00000         0.00006         0.00001         9.20891
      446.00000         6.95181    297930.00000         0.00006         0.00001         9.20867
      447.00000         6.88823    297930.00000         0.00006         0.00001         9.20844
      448.00000         6.82436    297930.00000         0.00006         0.00001         9.20821
      449.00000         6.76021    297930.00000         0.00006         0.00001         9.20799
      450.00000         6.69578    297930.00000         0.00006         0.00001         9.20777
      451.00000         6.63107    297930.00000         0.00006         0.00001         9.20755
      452.00000         6.56608    297930.00000         0.00006         0.00001         9.20734
      453.00000         6.50082    297930.00000         0.00006         0.00001         9.20713
      454.00000         6.43528    297930.00000         0.00006         0.00001         9.20693
      455.00000         6.36946    297930.00000         0.00006         0.00001         9.20673
      456.00000         6.30336    297930.00000         0.00006         0.00001         9.20654
      457.00000         6.23698    297930.00000         0.00006         0.00001         9.20635
      458.00000         6.17033    297930.00000         0.00006         0.00001         9.20616
      459.00000         6.10341    297930.00000         0.00006         0.00001         9.20598
      460.00000         6.03620    297930.00000         0.00005         0.00001         9.20580
      461.00000         5.96872    297930.00000         0.00005         0.00001         9.20563
      462.00000         5.90097    297930.00000         0.00005         0.00001         9.20546
      463.00000         5.83294    297930.00000         0.00005         0.00001         9.20529
      464.00000         5.76464    297930.00000         0.00005         0.00001         9.20513
      465.00000         5.69607    297930.00000         0.00005         0.00000         9.20497
      466.00000         5.62722    297930.00000         0.00005         0.00000         9.20482
      467.00000         5.55810    297930.00000         0.00005         0.00000         9.20467
      468.00000         5.48870    297930.00000         0.00005         0.00000         9.20452
      469.00000         5.41904    297930.00000         0.00005         0.00000         9.20437
      470.00000         5.34910    297930.00000         0.00005         0.00000         9.20423
      471.00000         5.27889    297930.00000         0.00005         0.00000         9.20410
      472.00000         5.20841    297930.00000         0.00005         0.00000         9.20396
      473.00000         5.13766    297930.00000         0.00005         0.00000         9.20383
      474.00000         5.06664    297930.00000         0.00005         0.00000         9.20370
      475.00000         4.99535    297930.00000         0.00005         0.00000         9.20358
      476.00000         4.92379    297930.00000         0.00005         0.00000         9.20346
      477.00000         4.85196    297930.00000         0.00005         0.00000         9.20334
      478.00000         4.77986    297930.00000         0.00005         0.00000         9.20322
      479.00000         4.70750    297930.00000         0.00005         0.00000         9.20311
      480.00000         4.63487    297930.00000         0.00005         0.00000         9.20300
      481.00000         4.56197    297930.00000         0.00005         0.00000         9.20289
      482.00000         4.48881    297930.00000         0.00005         0.00000         9.20279
      483.00000         4.41538    297930.00000         0.00005         0.00000         9.20269
      484.00000         4.34168    297930.00000         0.00005         0.00000         9.20259
      485.00000         4.26772    297930.00000         0.00005         0.00000         9.20249
      486.00000         4.19349    297930.00000         0.00005         0.00000         9.20240
      487.00000         4.11900    297930.00000         0.00005         0.00000         9.20230
      488.00000         4.04425    297930.00000         0.00005         0.00000         9.20221
      489.00000         3.96924    297930.00000         0.00005         0.00000         9.20212
      490.00000         3.89396    297930.00000         0.00005         0.00000         9.20204
      491.00000         3.81842    297930.00000         0.00005         0.00000         9.20195
      492.00000         3.74262    297930.00000         0.00005         0.00000         9.20187
      493.00000         3.66655    297930.00000         0.00005         0.00000         9.20179
      494.00000         3.59023    297930.00000         0.00005         0.00000         9.20171
      495.00000         3.51365    297930.00000         0.00005         0.00000         9.20164
      496.00000         3.43681    297930.00000         0.00005         0.00000         9.20156
      497.00000         3.35971    297930.00000         0.00005         0.00000         9.20149
      498.00000         3.28235    297930.00000         0.00005         0.00000         9.20142
      499.00000         3.20473    297930.00000         0.00005         0.00000         9.20135
      500.00000         3.12686    297930.00000         0.00005         0.00000         9.20128
      501.00000         3.04873    297930.00000         0.00005         0.00000         9.20121
      502.00000         2.97035    297930.00000         0.00005         0.00000         9.20114
      503.00000         2.89171    297930.00000         0.00005         0.00000         9.20108
      504.00000         2.81282    297930.00000         0.00005         0.00000         9.20101
      505.00000         2.73367    297930.00000         0.00005         0.00000         9.20095
      506.00000         2.65427    297930.00000         0.00005         0.00000         9.20089
      507.00000         2.57462    297930.00000         0.00005         0.00000         9.20082
      508.00000         2.49472    297930.00000         0.00005         0.00000         9.20076
      509.00000         2.41457    297930.00000         0.00005         0.00000         9.20070
      510.00000         2.33417    297930.00000         0.00005         0.00000         9.20064
      511.00000         2.25352    297930.00000         0.00005         0.00000         9.20058
      512.00000         2.17262    297930.00000         0.00005         0.00000         9.20052
      513.00000         2.09147    297930.00000         0.00005         0.00000         9.20046
      514.00000         2.01008    297930.00000         0.00005         0.00000         9.20040
      515.00000         1.92845    297930.00000         0.00005         0.00000         9.20034
      516.00000         1.84656    297930.00000         0.00005         0.00000         9.20029
      517.00000         1.76444    297930.00000         0.00005         0.00000         9.20023
      518.00000         1.68207    297930.00000         0.00005         0.00000         9.20017
      519.00000         1.59946    297930.00000         0.00005         0.00000         9.20011
      520.00000         1.51661    297930.00000         0.00005         0.00000         9.20005
      521.00000         1.43352    297930.00000         0.00006         0.00000         9.19999
      522.00000         1.35020    297930.00000         0.00006         0.00000         9.19993
      523.00000         1.26663    297930.00000         0.00006         0.00000         9.19987
      524.00000         1.18283    297930.00000         0.00006         0.00000         9.19980
      525.00000         1.09897         0.00000         0.00006         0.00000         9.19974
      526.00000         1.01926         0.00000         0.00006         0.00000         9.19968
      527.00000         0.93956         0.00000         0.00006         0.00000         9.19962
      528.00000         0.85986         0.00000         0.00006         0.00000         9.19956
      528.27000        -0.16084         0.00000         0.00006        -0.00000         9.19954
      528.28000        -0.16081         0.00000         0.00006        -0.00000         9.19954
      528.29000        -0.16078         0.00000         0.00006        -0.00000         9.19954
      528.30000        -0.16076         0.00000         0.00006        -0.00000         9.19954
      528.31000        -0.16073         0.00000         0.00006        -0.00000         9.19954
      528.32000        -0.16070         0.00000         0.00006        -0.00000         9.19954
      528.33000        -0.16068         0.00000         0.00006        -0.00000         9.19954
      528.34000        -0.16065         0.00000         0.00006        -0.00000         9.19954
      528.35000        -0.16062         0.00000         0.00006        -0.00000         9.19953
      528.36000        -0.16060         0.00000         0.00006        -0.00000         9.19953
      528.37000        -0.16057         0.00000         0.00006        -0.00000         9.19953
      528.38000        -0.16054         0.00000         0.00006        -0.00000         9.19953
      528.39000        -0.16051         0.00000         0.00006        -0.00000         9.19953
      528.40000        -0.16049         0.00000         0.00006        -0.00000         9.19953
      528.41000        -0.16046         0.00000         0.00006        -0.00000         9.19953
      528.42000        -0.16043         0.00000         0.00006        -0.00000         9.19953
      528.43000        -0.16041         0.00000         0.00006        -0.00000         9.19953
      528.44000        -0.16038         0.00000         0.00006        -0.00000         9.19953
      528.45000        -0.16035         0.00000         0.00006        -0.00000         9.19953
      528.46000        -0.16032         0.00000         0.00006        -0.00000         9.19953
      528.47000        -0.16030         0.00000         0.00006        -0.00000         9.19953
      528.48000        -0.16027         0.00000         0.00006        -0.00000         9.19953
      528.49000        -0.16024         0.00000         0.00006        -0.00000         9.19953
      528.50000        -0.16022         0.00000         0.00006        -0.00000         9.19953
      528.51000        -0.16019         0.00000         0.00006        -0.00000         9.19953
      528.52000        -0.16016         0.00000         0.00006        -0.00000         9.19952
      528.53000        -0.16013         0.00000         0.00006        -0.00000         9.19952
      528.54000        -0.16011         0.00000         0.00006        -0.00000         9.19952
      528.55000        -0.16008         0.00000         0.00006        -0.00000         9.19952
      528.56000        -0.16005         0.00000         0.00006        -0.00000         9.19952
      528.57000        -0.16003         0.00000         0.00006        -0.00000         9.19952
      528.58000        -0.16000         0.00000         0.00006        -0.00000         9.19952
      528.59000        -0.15997         0.00000         0.00006        -0.00000         9.19952
      528.60000        -0.15994         0.00000         0.00006        -0.00000         9.19952
      528.61000        -0.15992         0.00000         0.00006        -0.00000         9.19952
      528.62000        -0.15989         0.00000         0.00006        -0.00000         9.19952
      528.63000        -0.15986         0.00000         0.00006        -0.00000         9.19952
      528.64000        -0.15984         0.00000         0.00006        -0.00000         9.19952
      528.65000        -0.15981         0.00000         0.00006        -0.00000         9.19952
      528.66000        -0.15978         0.00000         0.00006        -0.00000         9.19952
      528.67000        -0.15976         0.00000         0.00006        -0.00000         9.19952
      528.68000        -0.15973         0.00000         0.00006        -0.00000         9.19951
      528.69000        -0.15970         0.00000         0.00006        -0.00000         9.19951
      528.70000        -0.15967         0.00000         0.00006        -0.00000         9.19951
      528.71000        -0.15965         0.00000         0.00006        -0.00000         9.19951
      528.72000        -0.15962         0.00000         0.00006        -0.00000         9.19951
      528.73000        -0.15959         0.00000         0.00006        -0.00000         9.19951
      528.74000        -0.15957         0.00000         0.00006        -0.00000         9.19951
      528.75000        -0.15954         0.00000         0.00006        -0.00000         9.19951
      528.76000        -0.15951         0.00000         0.00006        -0.00000         9.19951
      528.77000        -0.15948         0.00000         0.00006        -0.00000         9.19951
      528.78000        -0.15946         0.00000         0.00006        -0.00000         9.19951
      528.79000        -0.15943         0.00000         0.00006        -0.00000         9.19951
      528.80000        -0.15940         0.00000         0.00006        -0.00000         9.19951
      528.81000        -0.15938         0.00000         0.00006        -0.00000         9.19951
      528.82000        -0.15935         0.00000         0.00006        -0.00000         9.19951
      528.83000        -0.15932         0.00000         0.00006        -0.00000         9.19951
      528.84000        -0.15929         0.00000         0.00006        -0.00000         9.19951
      528.85000        -0.15927         0.00000         0.00006        -0.00000         9.19950
      528.86000        -0.15924         0.00000         0.00006        -0.00000         9.19950
      528.87000        -0.15921         0.00000         0.00006        -0.00000         9.19950
      528.88000        -0.15919         0.00000         0.00006        -0.00000         9.19950
      528.89000        -0.15916         0.00000         0.00006        -0.00000         9.19950
      528.90000        -0.15913         0.00000         0.00006        -0.00000         9.19950
      528.91000        -0.15910         0.00000         0.00006        -0.00000         9.19950
      528.92000        -0.15908         0.00000         0.00006        -0.00000         9.19950
      528.93000        -0.15905         0.00000         0.00006        -0.00000         9.19950
      528.94000        -0.15902         0.00000         0.00006        -0.00000         9.19950
      528.95000        -0.15900         0.00000         0.00006        -0.00000         9.19950
      528.96000        -0.15897         0.00000         0.00006        -0.00000         9.19950
      528.97000        -0.15894         0.00000         0.00006        -0.00000         9.19950
      528.98000        -0.15891         0.00000         0.00006        -0.00000         9.19950
      528.99000        -0.15889         0.00000         0.00006        -0.00000         9.19950
      529.00000        -0.15886         0.00000         0.00006        -0.00000         9.19950
      529.01000        -0.15883         0.00000         0.00006        -0.00000         9.19950
      529.02000        -0.15881         0.00000         0.00006        -0.00000         9.19949
      529.03000        -0.15878         0.00000         0.00006        -0.00000         9.19949
      529.04000        -0.15875         0.00000         0.00006        -0.00000         9.19949
      529.05000        -0.15873         0.00000         0.00006        -0.00000         9.19949
      529.06000        -0.15870         0.00000         0.00006        -0.00000         9.19949
      529.07000        -0.15867         0.00000         0.00006        -0.00000         9.19949
      529.08000        -0.15864         0.00000         0.00006        -0.00000         9.19949
      529.09000        -0.15862         0.00000         0.00006        -0.00000         9.19949
      529.10000        -0.15859         0.00000         0.00006        -0.00000         9.19949
      529.11000        -0.15856         0.00000         0.00006        -0.00000         9.19949
      529.12000        -0.15854         0.00000         0.00006        -0.00000         9.19949
      529.13000        -0.15851         0.00000         0.00006        -0.00000         9.19949
      529.14000        -0.15848         0.00000         0.00006        -0.00000         9.19949
      529.15000        -0.15845         0.00000         0.00006        -0.00000         9.19949
      529.16000        -0.15843         0.00000         0.00006        -0.00000         9.19949
      529.17000        -0.15840         0.00000         0.00006        -0.00000         9.19949
      529.18000        -0.15837         0.00000         0.00006        -0.00000         9.19949
      529.19000        -0.15835         0.00000         0.00006        -0.00000         9.19948
      529.20000        -0.15832         0.00000         0.00006        -0.00000         9.19948
      529.21000        -0.15829         0.00000         0.00006        -0.00000         9.19948
      529.22000        -0.15826         0.00000         0.00006        -0.00000         9.19948
      529.23000        -0.15824         0.00000         0.00006        -0.00000         9.19948
      529.24000        -0.15821         0.00000         0.00006        -0.00000         9.19948
      529.25000        -0.15818         0.00000         0.00006        -0.00000         9.19948
      529.26000        -0.15816         0.00000         0.00006        -0.00000         9.19948
      529.27000        -0.15813         0.00000         0.00006        -0.00000         9.19948
